name: workspace
channels:
  - conda-forge
  - defaults
dependencies:
  - backports=1.0=py_2
  - backports.weakref=1.0rc1=py36_1
  - bleach=1.5.0=py36_0
  - html5lib=0.9999999=py36_0
  - mock=2.0.0=py36_1001
  - pbr=5.1.3=py_0
  - webencodings=0.5.1=py_1
  - _tflow_select=2.1.0=gpu
  - absl-py=0.7.0=py36_0
  - astor=0.7.1=py36_0
  - beautifulsoup4=4.7.1=py36_1
  - blas=1.0=mkl
  - c-ares=1.15.0=h7b6447c_1
  - ca-certificates=2019.1.23=0
  - certifi=2019.3.9=py36_0
  - cudatoolkit=9.0=h13b8566_0
  - cudnn=7.3.1=cuda9.0_0
  - cupti=9.0.176=0
  - gast=0.2.2=py36_0
  - grpcio=1.16.1=py36hf8bcb03_1
  - h5py=2.9.0=py36h7918eee_0
  - hdf5=1.10.4=hb1b8bf9_0
  - intel-openmp=2019.1=144
  - keras-applications=1.0.7=py_0
  - keras-preprocessing=1.0.9=py_0
  - libedit=3.1.20181209=hc058e9b_0
  - libffi=3.2.1=hd88cf55_4
  - libgcc-ng=8.2.0=hdf63c60_1
  - libgfortran-ng=7.3.0=hdf63c60_0
  - libprotobuf=3.6.1=hd408876_0
  - libstdcxx-ng=8.2.0=hdf63c60_1
  - markdown=3.0.1=py36_0
  - mkl=2019.1=144
  - mkl_fft=1.0.10=py36ha843d7b_0
  - mkl_random=1.0.2=py36hd81dba3_0
  - ncurses=6.1=he6710b0_1
  - numpy=1.16.2=py36h7e9f1db_0
  - numpy-base=1.16.2=py36hde5b4d6_0
  - openssl=1.1.1b=h7b6447c_1
  - pip=19.0.3=py36_0
  - protobuf=3.6.1=py36he6710b0_0
  - python=3.6.8=h0371630_0
  - readline=7.0=h7b6447c_5
  - scipy=1.2.1=py36h7c811a0_0
  - setuptools=40.8.0=py36_0
  - six=1.12.0=py36_0
  - soupsieve=1.7.1=py36_0
  - sqlite=3.26.0=h7b6447c_0
  - tensorboard=1.12.2=py36he6710b0_0
  - tensorflow=1.12.0=gpu_py36he68c306_0
  - tensorflow-base=1.12.0=gpu_py36h8e0ae2d_0
  - tensorflow-gpu=1.12.0=h0d30ee6_0
  - termcolor=1.1.0=py36_1
  - tk=8.6.8=hbc83047_0
  - werkzeug=0.14.1=py36_0
  - wheel=0.33.1=py36_0
  - xmltodict=0.11.0=py36_1
  - xz=5.2.4=h14c3975_4
  - zlib=1.2.11=h7b6447c_3
  - pip:
    - alabaster==0.7.12
    - attrs==19.1.0
    - babel==2.6.0
    - backcall==0.1.0
    - chardet==3.0.4
    - cloudpickle==0.8.0
    - config-parser==0.0.1
    - cycler==0.10.0
    - cython==0.29.6
    - dask==1.1.3
    - decorator==4.3.2
    - defusedxml==0.5.0
    - docutils==0.14
    - entrypoints==0.3
    - idna==2.8
    - imageio==2.5.0
    - imagesize==1.1.0
    - imgaug==0.2.8
    - ipykernel==5.1.0
    - ipyparallel==6.2.3
    - ipython==7.3.0
    - ipython-genutils==0.2.0
    - ipywidgets==7.4.2
    - jedi==0.13.3
    - jinja2==2.10
    - jsonschema==3.0.1
    - jupyter-client==5.2.4
    - jupyter-core==4.4.0
    - kaggle==1.5.3
    - keras==2.2.4
    - kiwisolver==1.0.1
    - lxml==4.3.2
    - markupsafe==1.1.1
    - mask-rcnn==2.1
    - matplotlib==3.0.3
    - mistune==0.8.4
    - nbconvert==5.4.1
    - nbformat==4.4.0
    - networkx==2.2
    - nose==1.3.7
    - notebook==5.7.4
    - opencv-python==4.0.0.21
    - packaging==19.0
    - pandocfilters==1.4.2
    - parso==0.3.4
    - pexpect==4.6.0
    - pickleshare==0.7.5
    - pillow==5.4.1
    - prometheus-client==0.6.0
    - prompt-toolkit==2.0.9
    - ptyprocess==0.6.0
    - pycocotools==2.0.0
    - pygments==2.3.1
    - pyparsing==2.3.1
    - pyrsistent==0.14.11
    - python-dateutil==2.8.0
    - python-slugify==3.0.0
    - pytz==2018.9
    - pywavelets==1.0.2
    - pyyaml==5.1b1
    - pyzmq==18.0.1
    - qtconsole==4.4.3
    - requests==2.21.0
    - scikit-image==0.14.2
    - send2trash==1.5.0
    - shapely==1.6.4.post2
    - snowballstemmer==1.2.1
    - sphinx==1.8.4
    - sphinxcontrib-websupport==1.1.0
    - terminado==0.8.1
    - testpath==0.4.2
    - text-unidecode==1.2
    - toolz==0.9.0
    - tornado==6.0.1
    - tqdm==4.31.1
    - traitlets==4.3.2
    - url==0.4.2
    - urllib3==1.24.1
    - wcwidth==0.1.7
    - widgetsnbextension==3.4.2

